Order of columns for Suv_RA is as follows: (u,v)
(0,0) (0,1) (0,2) (0,3) (0,4) (0,5) (1,0) (1,1) (1,2) (1,3) (1,4) (1,5) (2,0) (2,1) (2,2) (2,3) (2,4) (2,5) (3,0) (3,1) (3,2) (3,3) (3,4) (3,5) (4,0) (4,1) (4,2) (4,3) (4,4) (4,5) (5,0) (5,1) (5,2) (5,3) (5,4) (5,5) 
Order of columns for gammaAB_RA is as follows: (A,B)
(0,0) (0,1) (0,2) (1,0) (1,1) (1,2) (2,0) (2,1) (2,2) 
Order of rows is as follows
x
y
z
Nuclear Repulsion Energy is 190.2693896 eV.
Electron Energy is -728.2915612 eV.
  Suv_RA
        0        0        0        0        0        0        0        0        0        0  -0.2180  -0.2180        0        0        0        0        0        0        0        0        0        0        0        0        0   0.2180        0        0        0        0        0   0.2180        0        0        0        0
        0        0        0        0   0.2743  -0.2743        0        0        0        0        0        0        0        0        0        0   0.0322   0.0322        0        0        0        0  -0.1947   0.1947  -0.2743        0  -0.0322   0.1947        0  -0.1925   0.2743        0  -0.0322  -0.1947   0.1925        0
        0        0        0        0  -0.2134  -0.2134        0        0        0        0        0        0        0        0        0        0  -0.1947   0.1947        0        0        0        0  -0.0665  -0.0665   0.2134        0   0.1947   0.0665        0        0   0.2134        0  -0.1947   0.0665        0        0
gammaAB_RA
        0        0        0        0        0        0        0        0        0
        0   4.0914  -4.0914  -4.0914        0  -2.9559   4.0914   2.9559        0
        0  -3.1833  -3.1833   3.1833        0        0   3.1833        0        0
gradient_nuclear
         0         0         0
         0  -42.8187   42.8187
  -61.4244   30.7122   30.7122
gradient_electronic
  -9.7221e-16   9.8910e-16  -1.6897e-17
  -1.3212e-14   3.9477e+01  -3.9477e+01
   5.6551e+01  -2.8276e+01  -2.8276e+01
gradient
  -9.7221e-16   9.8910e-16  -1.6897e-17
  -1.3212e-14  -3.3416e+00   3.3416e+00
  -4.8730e+00   2.4365e+00   2.4365e+00
