Order of columns for Suv_RA is as follows: (u,v)
(0,0) (0,1) (0,2) (0,3) (0,4) (0,5) (1,0) (1,1) (1,2) (1,3) (1,4) (1,5) (2,0) (2,1) (2,2) (2,3) (2,4) (2,5) (3,0) (3,1) (3,2) (3,3) (3,4) (3,5) (4,0) (4,1) (4,2) (4,3) (4,4) (4,5) (5,0) (5,1) (5,2) (5,3) (5,4) (5,5) 
Order of columns for gammaAB_RA is as follows: (A,B)
(0,0) (0,1) (0,2) (1,0) (1,1) (1,2) (2,0) (2,1) (2,2) 
Order of rows is as follows
x
y
z
Nuclear repulsion energy is 190.269 eV
Electron energy: -728.29 eV
  Suv_RA
            0            0            0            0            0            0            0            0            0            0  -2.1797e-01  -2.1797e-01            0            0            0            0            0            0            0            0            0            0            0            0            0   2.1797e-01            0            0            0            0            0   2.1797e-01            0            0            0            0
            0            0            0            0   2.7429e-01  -2.7429e-01            0            0            0            0            0            0            0            0            0            0   3.2249e-02   3.2249e-02            0            0            0            0  -1.9469e-01   1.9469e-01  -2.7429e-01            0  -3.2249e-02   1.9469e-01            0  -1.9249e-01   2.7429e-01            0  -3.2249e-02  -1.9469e-01   1.9249e-01            0
   7.6863e-17            0            0   2.7756e-17  -2.1341e-01  -2.1341e-01            0   5.6334e-17            0            0            0            0            0            0   5.6334e-17            0  -1.9469e-01   1.9469e-01   2.7756e-17            0            0   5.6334e-17  -6.6498e-02  -6.6498e-02   2.1341e-01            0   1.9469e-01   6.6498e-02            0            0   2.1341e-01            0  -1.9469e-01   6.6498e-02            0            0
gammaAB_RA
        0        0        0        0        0        0        0        0        0
        0   4.0913  -4.0913  -4.0913        0  -2.9559   4.0913   2.9559        0
        0  -3.1833  -3.1833   3.1833        0        0   3.1833        0        0
gradient_nuclear
         0         0         0
         0  -42.8186   42.8186
  -61.4243   30.7121   30.7121
gradient_electronic
   1.3821e-15  -1.0517e-15  -3.3037e-16
  -2.7978e-14   3.9477e+01  -3.9477e+01
   5.6551e+01  -2.8276e+01  -2.8276e+01
gradient
   1.3821e-15  -1.0517e-15  -3.3037e-16
  -2.7978e-14  -3.3416e+00   3.3416e+00
  -4.8731e+00   2.4366e+00   2.4366e+00
